------------------------------

Polynomial:
[1,1,0,1]
Parity Check Matrix:
[[1,0,0,1,0,1,1],
 [0,1,0,1,1,1,0],
 [0,0,1,0,1,1,1]]
------------------------------
******************************
------------------------------

Polynomial:
[1,0,1,1]
Parity Check Matrix:
[[1,0,0,1,1,1,0],
 [0,1,0,0,1,1,1],
 [0,0,1,1,1,0,1]]
------------------------------
******************************
------------------------------

Polynomial:
[1,0,1,1]
Parity Check Matrix:
[[1,1,1,0,1,0,0],
 [0,1,1,1,0,1,0],
 [1,1,0,1,0,0,1]]
------------------------------
******************************
------------------------------

Polynomial:
[1,1,0,1]
Parity Check Matrix:
[[1,0,1,1,1,0,0],
 [1,1,1,0,0,1,0],
 [0,1,1,1,0,0,1]]
------------------------------
******************************
