[[1 0 1 1 1 0 0]
 [1 1 1 0 0 1 0]
 [1 1 0 1 0 0 1]]

 Checking with handbrake

 [[1,0,0,1,1,0,1],
 [0,1,0,0,1,1,1],
 [0,0,1,1,1,1,0]]

 Checked on Codebreaker

 [[1 1 0 1 1 0 0]
 [0 1 1 1 0 1 0]
 [1 1 1 0 0 0 1]]

 Checked on Codebreaker

 [[1,1,0,1,1,0,0],
  [1,1,1,0,0,1,0],
  [1,0,1,1,0,0,1]]

Checked on Codebreaker

Trying,this one
[[1,0,0,0,0,1,1,0,1,0,0,0,1,0,0,0,0,0,0,0,1,1,1,1,1,1,1,1,1,1,1],
 [0,1,0,0,0,1,1,0,1,0,0,0,1,1,1,1,1,1,1,1,1,0,0,0,0,0,0,0,1,1,1],
 [0,0,1,0,0,1,1,0,1,1,1,1,1,0,0,0,1,1,1,1,0,0,0,0,1,1,1,1,0,0,0],
 [0,0,0,1,0,1,1,1,0,0,1,1,0,0,1,1,0,0,1,1,1,0,1,1,0,0,1,1,0,0,1],
 [0,0,0,0,1,1,0,1,1,1,0,1,0,1,0,1,0,1,0,1,1,1,0,1,0,1,0,1,0,1,0]]

 [[1,0,0,1,0,1,1],
 [0,1,0,1,1,1,0],
 [0,0,1,0,1,1,1]]
 Checked on Codebreaker

 [[1,0,0,1,1,1,0],
 [0,1,0,0,1,1,1],
 [0,0,1,1,1,0,1]]

 Checked on Codebreaker 

 [[1,1,1,0,1,0,0],
 [0,1,1,1,0,1,0],
 [1,1,0,1,0,0,1]]

 Checked on Codebreaker

 [[1,0,1,1,1,0,0],
 [1,1,1,0,0,1,0],
 [0,1,1,1,0,0,1]]

 Checked on Codebreaker